PROGRAMA: euclides
 salida de comprobacion del decodificador, DECS y senyales de ERROR
ciclo      CP   inst hexa          inst ascii
                                                       MSI fmtD  mL2
                                                    fmtS PBR   mL1  mES  opALU opMD opSEC  mSIC   CoErr MD_FR MD_FA    dir_MD     MI_FR MI_FA   prox_CP
    1  00000000  10001117   auipc x2 , x10001         00 0 1 00 01 1 00  10000 00000 0000     0       0     0     0  10001000         0     0  00000004
    2  00000004  00010113    addi x2 , x2 , x000      00 0 1 01 00 1 00  10000 00000 0000     0       0     0     0  10001000         0     0  00000008
    3  00000008  FE010113    addi x2 , x2 , xFE0      00 0 1 01 00 1 00  10000 00000 0000     0       0     0     0  10000FE0         0     0  0000000C
    4  0000000C  000000B3     add x1 , x0 , x0        00 0 1 00 00 0 00  10000 00000 0000     0       0     0     0  00000000         0     0  00000010
    5  00000010  000001B3     add x3 , x0 , x0        00 0 1 00 00 0 00  10000 00000 0000     0       0     0     0  00000000         0     0  00000014
    6  00000014  00000233     add x4 , x0 , x0        00 0 1 00 00 0 00  10000 00000 0000     0       0     0     0  00000000         0     0  00000018
    7  00000018  000002B3     add x5 , x0 , x0        00 0 1 00 00 0 00  10000 00000 0000     0       0     0     0  00000000         0     0  0000001C
    8  0000001C  00000333     add x6 , x0 , x0        00 0 1 00 00 0 00  10000 00000 0000     0       0     0     0  00000000         0     0  00000020
    9  00000020  000003B3     add x7 , x0 , x0        00 0 1 00 00 0 00  10000 00000 0000     0       0     0     0  00000000         0     0  00000024
   10  00000024  00000433     add x8 , x0 , x0        00 0 1 00 00 0 00  10000 00000 0000     0       0     0     0  00000000         0     0  00000028
   11  00000028  000004B3     add x9 , x0 , x0        00 0 1 00 00 0 00  10000 00000 0000     0       0     0     0  00000000         0     0  0000002C
   12  0000002C  00000533     add x10, x0 , x0        00 0 1 00 00 0 00  10000 00000 0000     0       0     0     0  00000000         0     0  00000030
   13  00000030  000005B3     add x11, x0 , x0        00 0 1 00 00 0 00  10000 00000 0000     0       0     0     0  00000000         0     0  00000034
   14  00000034  00000633     add x12, x0 , x0        00 0 1 00 00 0 00  10000 00000 0000     0       0     0     0  00000000         0     0  00000038
   15  00000038  000006B3     add x13, x0 , x0        00 0 1 00 00 0 00  10000 00000 0000     0       0     0     0  00000000         0     0  0000003C
   16  0000003C  00000733     add x14, x0 , x0        00 0 1 00 00 0 00  10000 00000 0000     0       0     0     0  00000000         0     0  00000040
   17  00000040  000007B3     add x15, x0 , x0        00 0 1 00 00 0 00  10000 00000 0000     0       0     0     0  00000000         0     0  00000044
   18  00000044  00000833     add x16, x0 , x0        00 0 1 00 00 0 00  10000 00000 0000     0       0     0     0  00000000         0     0  00000048
   19  00000048  000008B3     add x17, x0 , x0        00 0 1 00 00 0 00  10000 00000 0000     0       0     0     0  00000000         0     0  0000004C
   20  0000004C  00000933     add x18, x0 , x0        00 0 1 00 00 0 00  10000 00000 0000     0       0     0     0  00000000         0     0  00000050
   21  00000050  000009B3     add x19, x0 , x0        00 0 1 00 00 0 00  10000 00000 0000     0       0     0     0  00000000         0     0  00000054
   22  00000054  00000A33     add x20, x0 , x0        00 0 1 00 00 0 00  10000 00000 0000     0       0     0     0  00000000         0     0  00000058
   23  00000058  00000AB3     add x21, x0 , x0        00 0 1 00 00 0 00  10000 00000 0000     0       0     0     0  00000000         0     0  0000005C
   24  0000005C  00000B33     add x22, x0 , x0        00 0 1 00 00 0 00  10000 00000 0000     0       0     0     0  00000000         0     0  00000060
   25  00000060  00000BB3     add x23, x0 , x0        00 0 1 00 00 0 00  10000 00000 0000     0       0     0     0  00000000         0     0  00000064
   26  00000064  00000C33     add x24, x0 , x0        00 0 1 00 00 0 00  10000 00000 0000     0       0     0     0  00000000         0     0  00000068
   27  00000068  00000CB3     add x25, x0 , x0        00 0 1 00 00 0 00  10000 00000 0000     0       0     0     0  00000000         0     0  0000006C
   28  0000006C  00000D33     add x26, x0 , x0        00 0 1 00 00 0 00  10000 00000 0000     0       0     0     0  00000000         0     0  00000070
   29  00000070  00000DB3     add x27, x0 , x0        00 0 1 00 00 0 00  10000 00000 0000     0       0     0     0  00000000         0     0  00000074
   30  00000074  00000E33     add x28, x0 , x0        00 0 1 00 00 0 00  10000 00000 0000     0       0     0     0  00000000         0     0  00000078
   31  00000078  00000EB3     add x29, x0 , x0        00 0 1 00 00 0 00  10000 00000 0000     0       0     0     0  00000000         0     0  0000007C
   32  0000007C  00000F33     add x30, x0 , x0        00 0 1 00 00 0 00  10000 00000 0000     0       0     0     0  00000000         0     0  00000080
   33  00000080  00000FB3     add x31, x0 , x0        00 0 1 00 00 0 00  10000 00000 0000     0       0     0     0  00000000         0     0  00000084
   34  00000084  07C000EF     jal x1 ,    x0003E      10 0 1 00 00 0 10  00000 00000 1011     1       0     0     0  00000000         0     0  00000100
   35  00000100  100005B7     lui x11, x10000         00 0 1 00 10 1 00  10000 00000 0000     0       0     0     0  10000000         0     0  00000104
   36  00000104  10000537     lui x10, x10000         00 0 1 00 10 1 00  10000 00000 0000     0       0     0     0  10000000         0     0  00000108
   37  00000108  0005A783      lw x15, x000(x11)      00 0 1 01 00 1 01  10000 10010 0000     0       0     0     0  10000000         0     0  0000010C
   38  0000010C  00452703      lw x14, x004(x10)      00 0 1 01 00 1 01  10000 10010 0000     0       0     0     0  10000004         0     0  00000110
   39  00000110  00000613    addi x12, x0 , x000      00 0 1 01 00 1 00  10000 00000 0000     0       0     0     0  00000000         0     0  00000114
   40  00000114  00000693    addi x13, x0 , x000      00 0 1 01 00 1 00  10000 00000 0000     0       0     0     0  00000000         0     0  00000118
   41  00000118  00E78A63     beq x15, x14, x00A      00 0 0 00 00 0 00  00000 00000 1000     0       0     0     0  000001CE         0     0  0000011C
   42  0000011C  02E7F263    bgeu x15, x14, x012      00 0 0 00 00 0 00  00000 00000 1111     0       0     0     0  000001CE         0     0  00000120
   43  00000120  40F70733     sub x14, x14, x15       00 0 1 00 00 0 00  11000 00000 0000     0       0     0     0  00000261         0     0  00000124
   44  00000124  00100693    addi x13, x0 , x001      00 0 1 01 00 1 00  10000 00000 0000     0       0     0     0  00000001         0     0  00000128
   45  00000128  FEE79AE3     bne x15, x14, xFFA      00 0 0 00 00 0 00  00000 00000 1001     1       0     0     0  000001CE         0     0  0000011C
   46  0000011C  02E7F263    bgeu x15, x14, x012      00 0 0 00 00 0 00  00000 00000 1111     0       0     0     0  000001CE         0     0  00000120
   47  00000120  40F70733     sub x14, x14, x15       00 0 1 00 00 0 00  11000 00000 0000     0       0     0     0  00000093         0     0  00000124
   48  00000124  00100693    addi x13, x0 , x001      00 0 1 01 00 1 00  10000 00000 0000     0       0     0     0  00000001         0     0  00000128
   49  00000128  FEE79AE3     bne x15, x14, xFFA      00 0 0 00 00 0 00  00000 00000 1001     1       0     0     0  000001CE         0     0  0000011C
   50  0000011C  02E7F263    bgeu x15, x14, x012      00 0 0 00 00 0 00  00000 00000 1111     1       0     0     0  000001CE         0     0  00000140
   51  00000140  40E787B3     sub x15, x15, x14       00 0 1 00 00 0 00  11000 00000 0000     0       0     0     0  0000013B         0     0  00000144
   52  00000144  00100613    addi x12, x0 , x001      00 0 1 01 00 1 00  10000 00000 0000     0       0     0     0  00000001         0     0  00000148
   53  00000148  FD1FF06F     jal x0 ,    xFFFE8      10 0 1 00 00 0 10  00000 00000 1011     1       0     0     0  00000000         0     0  00000118
   54  00000118  00E78A63     beq x15, x14, x00A      00 0 0 00 00 0 00  00000 00000 1000     0       0     0     0  0000013B         0     0  0000011C
   55  0000011C  02E7F263    bgeu x15, x14, x012      00 0 0 00 00 0 00  00000 00000 1111     1       0     0     0  0000013B         0     0  00000140
   56  00000140  40E787B3     sub x15, x15, x14       00 0 1 00 00 0 00  11000 00000 0000     0       0     0     0  000000A8         0     0  00000144
   57  00000144  00100613    addi x12, x0 , x001      00 0 1 01 00 1 00  10000 00000 0000     0       0     0     0  00000001         0     0  00000148
   58  00000148  FD1FF06F     jal x0 ,    xFFFE8      10 0 1 00 00 0 10  00000 00000 1011     1       0     0     0  00000000         0     0  00000118
   59  00000118  00E78A63     beq x15, x14, x00A      00 0 0 00 00 0 00  00000 00000 1000     0       0     0     0  000000A8         0     0  0000011C
   60  0000011C  02E7F263    bgeu x15, x14, x012      00 0 0 00 00 0 00  00000 00000 1111     1       0     0     0  000000A8         0     0  00000140
   61  00000140  40E787B3     sub x15, x15, x14       00 0 1 00 00 0 00  11000 00000 0000     0       0     0     0  00000015         0     0  00000144
   62  00000144  00100613    addi x12, x0 , x001      00 0 1 01 00 1 00  10000 00000 0000     0       0     0     0  00000001         0     0  00000148
   63  00000148  FD1FF06F     jal x0 ,    xFFFE8      10 0 1 00 00 0 10  00000 00000 1011     1       0     0     0  00000000         0     0  00000118
   64  00000118  00E78A63     beq x15, x14, x00A      00 0 0 00 00 0 00  00000 00000 1000     0       0     0     0  00000015         0     0  0000011C
   65  0000011C  02E7F263    bgeu x15, x14, x012      00 0 0 00 00 0 00  00000 00000 1111     0       0     0     0  00000015         0     0  00000120
   66  00000120  40F70733     sub x14, x14, x15       00 0 1 00 00 0 00  11000 00000 0000     0       0     0     0  0000007E         0     0  00000124
   67  00000124  00100693    addi x13, x0 , x001      00 0 1 01 00 1 00  10000 00000 0000     0       0     0     0  00000001         0     0  00000128
   68  00000128  FEE79AE3     bne x15, x14, xFFA      00 0 0 00 00 0 00  00000 00000 1001     1       0     0     0  00000015         0     0  0000011C
   69  0000011C  02E7F263    bgeu x15, x14, x012      00 0 0 00 00 0 00  00000 00000 1111     0       0     0     0  00000015         0     0  00000120
   70  00000120  40F70733     sub x14, x14, x15       00 0 1 00 00 0 00  11000 00000 0000     0       0     0     0  00000069         0     0  00000124
   71  00000124  00100693    addi x13, x0 , x001      00 0 1 01 00 1 00  10000 00000 0000     0       0     0     0  00000001         0     0  00000128
   72  00000128  FEE79AE3     bne x15, x14, xFFA      00 0 0 00 00 0 00  00000 00000 1001     1       0     0     0  00000015         0     0  0000011C
   73  0000011C  02E7F263    bgeu x15, x14, x012      00 0 0 00 00 0 00  00000 00000 1111     0       0     0     0  00000015         0     0  00000120
   74  00000120  40F70733     sub x14, x14, x15       00 0 1 00 00 0 00  11000 00000 0000     0       0     0     0  00000054         0     0  00000124
   75  00000124  00100693    addi x13, x0 , x001      00 0 1 01 00 1 00  10000 00000 0000     0       0     0     0  00000001         0     0  00000128
   76  00000128  FEE79AE3     bne x15, x14, xFFA      00 0 0 00 00 0 00  00000 00000 1001     1       0     0     0  00000015         0     0  0000011C
   77  0000011C  02E7F263    bgeu x15, x14, x012      00 0 0 00 00 0 00  00000 00000 1111     0       0     0     0  00000015         0     0  00000120
   78  00000120  40F70733     sub x14, x14, x15       00 0 1 00 00 0 00  11000 00000 0000     0       0     0     0  0000003F         0     0  00000124
   79  00000124  00100693    addi x13, x0 , x001      00 0 1 01 00 1 00  10000 00000 0000     0       0     0     0  00000001         0     0  00000128
   80  00000128  FEE79AE3     bne x15, x14, xFFA      00 0 0 00 00 0 00  00000 00000 1001     1       0     0     0  00000015         0     0  0000011C
   81  0000011C  02E7F263    bgeu x15, x14, x012      00 0 0 00 00 0 00  00000 00000 1111     0       0     0     0  00000015         0     0  00000120
   82  00000120  40F70733     sub x14, x14, x15       00 0 1 00 00 0 00  11000 00000 0000     0       0     0     0  0000002A         0     0  00000124
   83  00000124  00100693    addi x13, x0 , x001      00 0 1 01 00 1 00  10000 00000 0000     0       0     0     0  00000001         0     0  00000128
   84  00000128  FEE79AE3     bne x15, x14, xFFA      00 0 0 00 00 0 00  00000 00000 1001     1       0     0     0  00000015         0     0  0000011C
   85  0000011C  02E7F263    bgeu x15, x14, x012      00 0 0 00 00 0 00  00000 00000 1111     0       0     0     0  00000015         0     0  00000120
   86  00000120  40F70733     sub x14, x14, x15       00 0 1 00 00 0 00  11000 00000 0000     0       0     0     0  00000015         0     0  00000124
   87  00000124  00100693    addi x13, x0 , x001      00 0 1 01 00 1 00  10000 00000 0000     0       0     0     0  00000001         0     0  00000128
   88  00000128  FEE79AE3     bne x15, x14, xFFA      00 0 0 00 00 0 00  00000 00000 1001     0       0     0     0  00000015         0     0  0000012C
   89  0000012C  02069063     bne x13, x0 , x010      00 0 0 00 00 0 00  00000 00000 1001     1       0     0     0  00000001         0     0  0000014C
   90  0000014C  00F52223      sw x15, x004(x10)      00 0 0 10 00 1 00  10000 11010 0000     0       0     0     0  10000004         0     0  00000150
   91  00000150  FE1FF06F     jal x0 ,    xFFFF0      10 0 1 00 00 0 10  00000 00000 1011     1       0     0     0  00000000         0     0  00000130
   92  00000130  02061263     bne x12, x0 , x012      00 0 0 00 00 0 00  00000 00000 1001     1       0     0     0  00000001         0     0  00000154
   93  00000154  00F5A023      sw x15, x000(x11)      00 0 0 10 00 1 00  10000 11010 0000     0       0     0     0  10000000         0     0  00000158
   94  00000158  FDDFF06F     jal x0 ,    xFFFEE      10 0 1 00 00 0 10  00000 00000 1011     1       0     0     0  00000000         0     0  00000134
   95  00000134  10000737     lui x14, x10000         00 0 1 00 10 1 00  10000 00000 0000     0       0     0     0  10000000         0     0  00000138
   96  00000138  00F72423      sw x15, x008(x14)      00 0 0 10 00 1 00  10000 11010 0000     0       0     0     0  10000008         0     0  0000013C
   97  0000013C  00008067    jalr x0 , x000(x1 )      01 1 1 00 00 0 10  00000 00000 1011     1       0     0     0  00000088         0     0  00000088
   98  00000088  00000013    addi x0 , x0 , x000      00 0 1 01 00 1 00  10000 00000 0000     0       0     0     0  00000000         0     0  0000008C
   99  0000008C  00000013    addi x0 , x0 , x000      00 0 1 01 00 1 00  10000 00000 0000     0       0     0     0  00000000         0     0  00000090
  100  00000090  00000013    addi x0 , x0 , x000      00 0 1 01 00 1 00  10000 00000 0000     0       0     0     0  00000000         0     0  00000094
  101  00000094  00000013    addi x0 , x0 , x000      00 0 1 01 00 1 00  10000 00000 0000     0       0     0     0  00000000         0     0  00000098
  102  00000098  00000013    addi x0 , x0 , x000      00 0 1 01 00 1 00  10000 00000 0000     0       0     0     0  00000000         0     0  0000009C
  103  0000009C  00100073          ebreak             00 0 0 10 00 1 00  00000 00000 0000     0       1     0     0  00000000         0     0  000000A0

 Contenido de la memoria de datos. MD

dir/16  hexadecimal
         (dir mod 16)/4  binario
            dir mod 4  binario
                          contenido  hexadecimal
 31 : 4 3:2     1:0     31:24  . . 7:0   bits de direction y contenido
 1000000 00 11 10 01 00   00 00 00 15
 . . . . . . . . .
 1000000 10 11 10 01 00   00 00 00 15
 1000000 11 11 10 01 00   00 00 00 00

 Contenido de la memoria de instrucciones. MI

dir/16  hexadecimal
         (dir mod 16)/4  binario
            dir mod 4  binario
                          contenido  hexadecimal
 31 : 4 3:2     1:0     31:24  . . 7:0   bits de direction y contenido
 0000000 00 11 10 01 00   10 00 11 17   auipc x2 , x10001   
 0000000 01 11 10 01 00   00 01 01 13    addi x2 , x2 , x000
 0000000 10 11 10 01 00   FE 01 01 13    addi x2 , x2 , xFE0
 0000000 11 11 10 01 00   00 00 00 B3     add x1 , x0 , x0  
 0000001 00 11 10 01 00   00 00 01 B3     add x3 , x0 , x0  
 0000001 01 11 10 01 00   00 00 02 33     add x4 , x0 , x0  
 0000001 10 11 10 01 00   00 00 02 B3     add x5 , x0 , x0  
 0000001 11 11 10 01 00   00 00 03 33     add x6 , x0 , x0  
 0000002 00 11 10 01 00   00 00 03 B3     add x7 , x0 , x0  
 0000002 01 11 10 01 00   00 00 04 33     add x8 , x0 , x0  
 0000002 10 11 10 01 00   00 00 04 B3     add x9 , x0 , x0  
 0000002 11 11 10 01 00   00 00 05 33     add x10, x0 , x0  
 0000003 00 11 10 01 00   00 00 05 B3     add x11, x0 , x0  
 0000003 01 11 10 01 00   00 00 06 33     add x12, x0 , x0  
 0000003 10 11 10 01 00   00 00 06 B3     add x13, x0 , x0  
 0000003 11 11 10 01 00   00 00 07 33     add x14, x0 , x0  
 0000004 00 11 10 01 00   00 00 07 B3     add x15, x0 , x0  
 0000004 01 11 10 01 00   00 00 08 33     add x16, x0 , x0  
 0000004 10 11 10 01 00   00 00 08 B3     add x17, x0 , x0  
 0000004 11 11 10 01 00   00 00 09 33     add x18, x0 , x0  
 0000005 00 11 10 01 00   00 00 09 B3     add x19, x0 , x0  
 0000005 01 11 10 01 00   00 00 0A 33     add x20, x0 , x0  
 0000005 10 11 10 01 00   00 00 0A B3     add x21, x0 , x0  
 0000005 11 11 10 01 00   00 00 0B 33     add x22, x0 , x0  
 0000006 00 11 10 01 00   00 00 0B B3     add x23, x0 , x0  
 0000006 01 11 10 01 00   00 00 0C 33     add x24, x0 , x0  
 0000006 10 11 10 01 00   00 00 0C B3     add x25, x0 , x0  
 0000006 11 11 10 01 00   00 00 0D 33     add x26, x0 , x0  
 0000007 00 11 10 01 00   00 00 0D B3     add x27, x0 , x0  
 0000007 01 11 10 01 00   00 00 0E 33     add x28, x0 , x0  
 0000007 10 11 10 01 00   00 00 0E B3     add x29, x0 , x0  
 0000007 11 11 10 01 00   00 00 0F 33     add x30, x0 , x0  
 0000008 00 11 10 01 00   00 00 0F B3     add x31, x0 , x0  
 0000008 01 11 10 01 00   07 C0 00 EF     jal x1 ,    x0003E
 0000008 10 11 10 01 00   00 00 00 13    addi x0 , x0 , x000
 . . . . . . . . .
 0000009 10 11 10 01 00   00 00 00 13    addi x0 , x0 , x000
 0000009 11 11 10 01 00   00 10 00 73          ebreak       
 000000A 00 11 10 01 00   00 00 00 00     XXX
 . . . . . . . . .
 000000F 11 11 10 01 00   00 00 00 00     XXX
 0000010 00 11 10 01 00   10 00 05 B7     lui x11, x10000   
 0000010 01 11 10 01 00   10 00 05 37     lui x10, x10000   
 0000010 10 11 10 01 00   00 05 A7 83      lw x15, x000(x11)
 0000010 11 11 10 01 00   00 45 27 03      lw x14, x004(x10)
 0000011 00 11 10 01 00   00 00 06 13    addi x12, x0 , x000
 0000011 01 11 10 01 00   00 00 06 93    addi x13, x0 , x000
 0000011 10 11 10 01 00   00 E7 8A 63     beq x15, x14, x00A
 0000011 11 11 10 01 00   02 E7 F2 63    bgeu x15, x14, x012
 0000012 00 11 10 01 00   40 F7 07 33     sub x14, x14, x15 
 0000012 01 11 10 01 00   00 10 06 93    addi x13, x0 , x001
 0000012 10 11 10 01 00   FE E7 9A E3     bne x15, x14, xFFA
 0000012 11 11 10 01 00   02 06 90 63     bne x13, x0 , x010
 0000013 00 11 10 01 00   02 06 12 63     bne x12, x0 , x012
 0000013 01 11 10 01 00   10 00 07 37     lui x14, x10000   
 0000013 10 11 10 01 00   00 F7 24 23      sw x15, x008(x14)
 0000013 11 11 10 01 00   00 00 80 67    jalr x0 , x000(x1 )
 0000014 00 11 10 01 00   40 E7 87 B3     sub x15, x15, x14 
 0000014 01 11 10 01 00   00 10 06 13    addi x12, x0 , x001
 0000014 10 11 10 01 00   FD 1F F0 6F     jal x0 ,    xFFFE8
 0000014 11 11 10 01 00   00 F5 22 23      sw x15, x004(x10)
 0000015 00 11 10 01 00   FE 1F F0 6F     jal x0 ,    xFFFF0
 0000015 01 11 10 01 00   00 F5 A0 23      sw x15, x000(x11)
 0000015 10 11 10 01 00   FD DF F0 6F     jal x0 ,    xFFFEE
 0000015 11 11 10 01 00   00 00 00 00     XXX

 Contenido del banco de registros. BR

Num registro decimal
      contenido  hexadecimal
     31:24  . . 7:0     bits de contenido
   0   00 00 00 00
   1   00 00 00 88
   2   10 00 0F E0
   3   00 00 00 00
 . . . . . . . . .
   9   00 00 00 00
  10   10 00 00 00
  11   10 00 00 00
  12   00 00 00 01
  13   00 00 00 01
  14   10 00 00 00
  15   00 00 00 15
  16   00 00 00 00
