1 THREAD

Copy:           13983,1  :   0,152647   :  0,068654    : 0,789184
Scale:           8339,7  :   0,186721   :  0,115112    : 0,708533
Add:             8848,7  :   0,238008   :  0,162735    : 0,766253
Triad:           8926,6  :   0,182170   :  0,161316    : 0,240164

2 THREADS

Copy:           27920,0  :   0,060294    : 0,034384    : 0,100967
Scale:          16678,5    : 0,078465     :0,057559     :0,127251
Add:            17898,9    : 0,112321     0,080452     0,150154
Triad:          17616,0    : 0,113257     0,081744     0,133592

4 THREADS

Copy:           43225,4     :0,031928     0,022209     0,063140
Scale:          27684,0     :0,058478     0,034677     0,097911
Add:            30092,2     :0,100614     0,047853     0,349367
Triad:          30779,2     :0,073831     0,046785     0,207819

8 THREADS

Copy:           43244,9     0,031037     0,022199     0,066459
Scale:          30316,4     0,041334     0,031666     0,065208
Add:            36657,0     0,058763     0,039283     0,114924
Triad:          35778,2     0,051452     0,040248     0,094402

16 THREADS

Copy:           45937,2     0,021388     0,020898     0,024310
Scale:          33115,9     0,029779     0,028989     0,033975
Add:            37379,4     0,038828     0,038524     0,040813
Triad:          37574,5     0,039214     0,038324     0,043088